   DATE       TIME    MULTI   C0%   CKMOD  BAT_mW  TEMP   NVIDIA GPU     VID   POWER
2026-07-16  22:52:39  42.68    9.9  100.0       0   69    1605    54   1.4517   37.0
2026-07-16  22:52:40  30.42    7.7  100.0       0   81    1605    54   1.4365   26.7
2026-07-16  22:52:41  51.28    7.1  100.0       0   77    1605    54   1.4540   41.0
2026-07-16  22:52:42  49.43    3.9  100.0       0   75    1605    54   1.4670   29.4
2026-07-16  22:52:43  51.01    6.4  100.0       0   87    1605    54   1.4368   44.0
2026-07-16  22:52:44  51.32    8.2  100.0       0   82    1605    54   1.4458   47.3
2026-07-16  22:52:45  49.35    8.0  100.0       0   74    1605    54   1.5042   38.7
2026-07-16  22:52:46  43.98    9.3  100.0       0   79    1605    54   1.4668   40.5
2026-07-16  22:52:47  46.53    7.8  100.0       0   81    1605    54   1.4019   34.0
2026-07-16  22:52:48  49.47    5.2  100.0       0   75    1605    54   1.4518   34.3
2026-07-16  22:52:49  50.89    5.4  100.0       0   87    1605    54   1.4521   37.6
2026-07-16  22:52:50  48.65    4.6  100.0       0   70    1605    54   1.4667   31.9
2026-07-16  22:52:51  47.03    5.4  100.0       0   84    1605    54   1.4291   39.4
2026-07-16  22:52:52  48.84    4.1  100.0       0   75    1605    54   1.3456   37.1
2026-07-16  22:52:53  49.54    4.5  100.0       0   77    1605    54   1.3922   31.6
2026-07-16  22:52:54  50.36    9.7  100.0       0   77    1605    54   1.4250   44.2
2026-07-16  22:52:55  47.47    4.2  100.0       0   78    1605    54   1.4832   34.3
2026-07-16  22:52:56  36.03    6.1  100.0       0   83    1605    54   1.3726   34.1
2026-07-16  22:52:57  45.82    5.4  100.0       0   75    1605    54   1.4586   33.9
2026-07-16  22:52:58  52.53    5.0  100.0       0   87    1605    54   1.4613   37.1
2026-07-16  22:52:59  50.80    4.8  100.0       0   77    1605    54   1.4618   33.0
2026-07-16  22:53:00  48.00    7.8  100.0       0   73    1605    54   1.4113   34.3
2026-07-16  22:53:01  49.47    9.1  100.0       0   85    1605    54   1.3435   41.0
2026-07-16  22:53:02  48.02    9.5  100.0       0   81    1605    54   1.4269   46.3
2026-07-16  22:53:03  49.71    6.4  100.0       0   77    1605    54   1.4347   40.9
2026-07-16  22:53:04  51.86    5.4  100.0       0   78    1605    54   1.3627   34.9
2026-07-16  22:53:05  47.31    4.8  100.0       0   85    1605    54   1.4547   34.7
2026-07-16  22:53:06  46.83    6.0  100.0       0   78    1605    54   1.3663   34.7
2026-07-16  22:53:07  49.02    7.8  100.0       0   78    1605    54   1.3383   40.2
2026-07-16  22:53:08  50.98    5.3  100.0       0   81    1605    54   1.4415   35.3
2026-07-16  22:53:09  50.55    6.0  100.0       0   87    1605    54   1.4410   42.6
2026-07-16  22:53:10  50.02    6.3  100.0       0   87    1605    54   1.4744   48.4
2026-07-16  22:53:11  46.59    4.9  100.0       0   80    1605    54   1.4725   42.9
2026-07-16  22:53:12  48.58    4.9  100.0       0   78    1605    54   1.4161   37.8
2026-07-16  22:53:13  49.63    5.5  100.0       0   83    1605    54   1.4602   48.6
2026-07-16  22:53:14  50.85    4.9  100.0       0   84    1605    54   1.4359   39.4
2026-07-16  22:53:15  49.01    6.4  100.0       0   77    1605    54   1.4543   43.7
2026-07-16  22:53:16  50.84    5.2  100.0       0   84    1605    54   1.4235   44.0
2026-07-16  22:53:17  45.84    6.8  100.0       0   85    1605    54   1.3894   45.0
2026-07-16  22:53:18  49.04    5.5  100.0       0   87    1605    55   1.4417   39.1
2026-07-16  22:53:19  51.61    4.8  100.0       0   87    1605    55   1.4670   37.8
2026-07-16  22:53:20  51.50   10.5  100.0       0   94    1605    55   1.3188   54.1   TEMP
2026-07-16  22:53:21  46.38    8.1  100.0       0   91    1605    55   1.4176   52.3
2026-07-16  22:53:22  49.88    8.1  100.0       0   89    1605    55   1.3356   55.3
2026-07-16  22:53:23  51.31    8.0  100.0       0   90    1605    55   1.3315   60.9
2026-07-16  22:53:24  48.14   12.6  100.0       0   89    1605    55   1.2177   64.1
2026-07-16  22:53:25  32.02    9.3  100.0       0   75    1605    55   1.3304   28.6
2026-07-16  22:53:26  31.93    9.7  100.0       0   80    1605    55   1.4128   29.6   EDP
2026-07-16  22:53:27  45.32   13.4  100.0       0   97    1605    55   1.4008   64.8   TEMP
2026-07-16  22:53:28  50.64    8.6  100.0       0   83    1605    56   1.4299   62.4
2026-07-16  22:53:29  50.09    5.4  100.0       0   78    1605    56   1.4158   40.0
2026-07-16  22:53:30  51.70   10.0  100.0       0   87    1605    56   1.3719   52.3   TEMP   PL2
2026-07-16  22:53:31  46.79   27.6  100.0       0   98    1605    56   1.3589  100.4   TEMP
2026-07-16  22:53:32  45.38   20.5  100.0       0   95    1605    56   1.4072   62.5   TEMP
2026-07-16  22:53:33  45.73   19.8  100.0       0   96    1605    56   1.4275   79.0   TEMP
2026-07-16  22:53:34  17.32   18.5  100.0       0   89    1605    57   1.3732   62.5
2026-07-16  22:53:35  46.03   17.1  100.0       0   97    1605    57   1.2650   67.9   TEMP
2026-07-16  22:53:36  48.80   16.2  100.0       0   90    1605    57   1.4136   62.9
2026-07-16  22:53:37  50.78   16.0  100.0       0   94    1605    57   1.4071   64.7
2026-07-16  22:53:38  49.68   13.0  100.0       0   85    1605    57   1.3339   46.4
2026-07-16  22:53:39  50.22   13.9  100.0       0   93    1605    57   1.3246   54.8   TEMP
2026-07-16  22:53:40  47.77   22.0  100.0       0  100    1605    57   1.4565   81.9   TEMP
2026-07-16  22:53:41  48.55   13.4  100.0       0   98    1605    57   1.4059   69.3
2026-07-16  22:53:42  49.94    7.6  100.0       0   89    1605    57   1.4185   60.0
2026-07-16  22:53:43  50.61    5.6  100.0       0   85    1605    57   1.3522   44.6
2026-07-16  22:53:44  49.56    5.2  100.0       0   77    1605    57   1.3771   38.0
2026-07-16  22:53:45  49.08    5.2  100.0       0   77    1605    57   1.4456   38.5
2026-07-16  22:53:46  52.12    5.2  100.0       0   85    1605    56   1.4590   45.5
2026-07-16  22:53:47  49.79    5.5  100.0       0   77    1605    56   1.4536   37.0
2026-07-16  22:53:48  45.78    5.5  100.0       0   81    1605    56   1.4827   35.3
2026-07-16  22:53:49  47.45    4.3  100.0       0   73    1605    56   1.4623   33.0
2026-07-16  22:53:50  44.30    5.0  100.0       0   85    1605    55   1.4680   38.7
2026-07-16  22:53:51  50.09    4.2  100.0       0   77    1605    55   1.4484   35.3
2026-07-16  22:53:52  44.71    4.8  100.0       0   71    1605    54   1.4736   36.9
2026-07-16  22:53:53  48.79    4.8  100.0       0   69    1605    54   1.4786   35.5
2026-07-16  22:53:54  49.87    4.8  100.0       0   71    1605    53   1.4386   33.1
2026-07-16  22:53:55  51.97    3.7  100.0       0   74    1605    53   1.4442   32.7
2026-07-16  22:53:56  45.57    4.2  100.0       0   69    1605    53   1.1031   30.4
2026-07-16  22:53:57  34.86    3.5  100.0       0   73    1605    53   1.4341   25.9
2026-07-16  22:53:58  50.99    6.8  100.0       0   80    1605    52   1.4713   39.6
2026-07-16  22:53:59  52.02    4.4  100.0       0   76    1605    52   1.4684   38.1
2026-07-16  22:54:00  49.63    7.6  100.0       0   77    1605    52   1.4359   46.8
2026-07-16  22:54:01  45.94   10.3  100.0       0   79    1605    52   1.5016   44.7
2026-07-16  22:54:02  48.46    4.2  100.0       0   77    1605    51   1.4709   31.7
2026-07-16  22:54:03  47.19    6.6  100.0       0   87    1605    51   1.4283   37.5
2026-07-16  22:54:03  POWER STATUS CHANGE
2026-07-16  22:54:04  36.29   19.8  100.0       0   66    1605    51   0.8446   54.0
2026-07-16  22:54:05  21.94   25.8  100.0       0   62    1605    51   0.7897   18.6
2026-07-16  22:54:06  21.57   14.4  100.0       0   62    1605    50   0.8121   14.1
2026-07-16  22:54:07  20.16   14.2  100.0       0   61    1605    50   0.8213   14.4
2026-07-16  22:54:08  21.15   23.1  100.0       0   61    1605    50   0.8320   16.4
2026-07-16  22:54:09  20.32   13.9  100.0       0   61    1605    50   0.7638   11.3
2026-07-16  22:54:10  18.75   11.2  100.0       0   61    1605    49   0.8170   11.0
2026-07-16  22:54:11  21.59   19.8  100.0       0   60    1605    49   0.8220   16.4
2026-07-16  22:54:12  21.72   16.8  100.0       0   60    1605    49   0.7891   13.5
2026-07-16  22:54:13  11.18   11.0  100.0  -49360   60    1605    49   0.8062   11.4
2026-07-16  22:54:14  21.01   27.2  100.0  -49360   61    1605    48   0.8071   17.2
2026-07-16  22:54:15  21.00   17.3  100.0  -49360   60    1605    48   0.8081   13.5
2026-07-16  22:54:16  20.80   20.6  100.0  -49360   60    1605    48   0.7993   14.2
2026-07-16  22:54:17  11.10   14.7  100.0  -49360   59    1605    48   0.7867   11.2
2026-07-16  22:54:18  20.70   16.9  100.0  -49360   60    1605    48   0.8331   15.6
2026-07-16  22:54:19  19.09   22.1  100.0  -49360   61    1605    48   0.7552   14.5
2026-07-16  22:54:20  11.27   15.4  100.0  -49360   59    1605    48   0.7964    9.7
2026-07-16  22:54:21  20.78   11.6  100.0  -49360   58    1605    48   0.7631   10.4
2026-07-16  22:54:22  11.09   13.5  100.0  -40278   60    1605    48   0.8024   10.2
2026-07-16  22:54:23  11.04   11.0  100.0  -40278   58    1605    48   0.7336   10.6
2026-07-16  22:54:24  17.37    7.1  100.0  -40278   58    1605    48   0.7971    8.9
2026-07-16  22:54:25  19.52    9.5  100.0  -40278   58    1605    48   0.7957   10.4
2026-07-16  22:54:26  18.64    7.8  100.0  -40278   60    1605    48   0.7982    8.9
2026-07-16  22:54:27  20.11    9.4  100.0  -40278   58    1605    48   0.8136   10.6
2026-07-16  22:54:28  19.99   11.1  100.0  -40278   60    1605    47   0.7980   11.0
2026-07-16  22:54:29  18.48    9.0  100.0  -40278   58    1605    47   0.7977   10.1
2026-07-16  22:54:30  17.62    5.8  100.0  -40278   58    1605    47   0.8037    8.1
2026-07-16  22:54:31  20.34    6.7  100.0  -40295   58    1605    47   0.7997    9.4
2026-07-16  22:54:32  19.33    4.9  100.0  -40295   58    1605    47   0.7527    9.2
2026-07-16  22:54:33  19.98    8.0  100.0  -40295   58    1605    47   0.8097   10.0
2026-07-16  22:54:34  11.17   18.8  100.0  -40295   58    1605    47   0.7990   10.6
2026-07-16  22:54:35  19.97    7.2  100.0  -40295   58    1605    47   0.8124    9.1
2026-07-16  22:54:36  20.21    7.4  100.0  -40295   58    1605    47   0.7822    9.6
2026-07-16  22:54:37  20.82    6.2  100.0  -40295   58    1605    47   0.7620    9.6
2026-07-16  22:54:38  20.15    6.5  100.0  -40295   58    1605    47   0.7882    9.0
2026-07-16  22:54:39  21.53   11.7  100.0  -40295   58    1605    47   0.8083   12.0
2026-07-16  22:54:40  11.09   10.9  100.0  -40382   58    1605    47   0.7987    8.9
2026-07-16  22:54:41  20.05    5.3  100.0  -40382   57    1605    47   0.7856    8.8
2026-07-16  22:54:42  20.15    6.3  100.0  -40382   57    1605    47   0.7866    9.2
2026-07-16  22:54:43  20.15    5.7  100.0  -40382   58    1605    47   0.7601    9.3
2026-07-16  22:54:44  16.68    5.7  100.0  -40382   58    1605    47   0.8311    8.1
2026-07-16  22:54:45  20.01    6.8  100.0  -40382   58    1605    47   0.7990    9.3
2026-07-16  22:54:46  11.04    9.2  100.0  -40382   58    1605    47   0.8014    8.3
2026-07-16  22:54:47  20.40    6.2  100.0  -40382   58    1605    47   0.7538    9.7
2026-07-16  22:54:48  20.52    7.9  100.0  -40382   56    1605    47   0.8065   10.0
2026-07-16  22:54:49  19.71    6.9  100.0  -39751   58    1605    47   0.7874    9.4
2026-07-16  22:54:50  20.63    8.8  100.0  -39751   58    1605    47   0.7919   10.1
2026-07-16  22:54:51  19.45    6.1  100.0  -39751   57    1605    47   0.7950    9.3
2026-07-16  22:54:52  20.67   11.7  100.0  -39751   58    1605    47   0.8030   11.4
2026-07-16  22:54:53  17.94    5.1  100.0  -39751   58    1605    47   0.8002    8.1
2026-07-16  22:54:54  21.28   14.7  100.0  -39751   58    1605    47   0.7935   12.9
2026-07-16  22:54:55  11.06   18.2  100.0  -39751   57    1605    47   0.7979   12.6
2026-07-16  22:54:56  11.05   15.5  100.0  -39751   58    1605    47   0.8064    9.6
2026-07-16  22:54:57  20.75   10.9  100.0  -39751   57    1605    47   0.7594   10.7
2026-07-16  22:54:58  11.17   15.0  100.0  -40021   58    1605    47   0.8064   11.6
2026-07-16  22:54:59  21.34   11.5  100.0  -40021   59    1605    47   0.8014   12.4
2026-07-16  22:55:00  15.76   13.2  100.0  -40021   56    1605    47   0.7583   11.8
2026-07-16  22:55:01  15.97   13.4  100.0  -40021   57    1605    47   0.7994   12.5
2026-07-16  22:55:02  18.00   15.1  100.0  -40021   58    1605    47   0.8081   13.4
2026-07-16  22:55:03  20.71   14.9  100.0  -40021   59    1605    47   0.8145   14.1
2026-07-16  22:55:04  20.25   25.7  100.0  -40021   58    1605    47   0.8014   15.5
2026-07-16  22:55:05  18.08   12.6  100.0  -40021   59    1605    47   0.7900   13.1
2026-07-16  22:55:06  18.78    9.0  100.0  -40021   58    1605    47   0.7998   10.0
2026-07-16  22:55:07  20.23    9.0  100.0  -43609   58    1605    47   0.7985   11.5
2026-07-16  22:55:08  20.47   11.3  100.0  -43609   58    1605    47   0.7617   12.0
2026-07-16  22:55:09  19.27    8.0  100.0  -43609   60    1605    47   0.8018   10.6
2026-07-16  22:55:10  11.17   14.5  100.0  -43609   57    1605    47   0.7590   12.2
2026-07-16  22:55:11  21.24   10.9  100.0  -43609   60    1605    47   0.8066   12.0
2026-07-16  22:55:12  19.74    8.7  100.0  -43609   58    1605    47   0.8015   10.8
2026-07-16  22:55:13  19.57    8.4  100.0  -43609   58    1605    47   0.7877   11.3
2026-07-16  22:55:14  18.47    6.7  100.0  -43609   58    1605    47   0.7904    9.1
2026-07-16  22:55:15  19.96    9.2  100.0  -43609   58    1605    47   0.8031   11.0
2026-07-16  22:55:16  20.86   12.3  100.0  -43160   58    1605    47   0.7986   13.1
2026-07-16  22:55:17  21.08    9.9  100.0  -43160   60    1605    47   0.7972   12.4
2026-07-16  22:55:18  19.71    8.7  100.0  -43160   58    1605    47   0.8002   11.4
2026-07-16  22:55:19  20.20   10.7  100.0  -43160   58    1605    47   0.8040   13.1
2026-07-16  22:55:20  18.16   12.8  100.0  -43160   58    1605    47   0.8212   11.9
2026-07-16  22:55:21  21.00   12.8  100.0  -43160   59    1605    47   0.7988   13.6
2026-07-16  22:55:22  20.61   14.4  100.0  -43160   58    1605    47   0.8068   14.3
2026-07-16  22:55:23  20.63    9.1  100.0  -43160   60    1605    47   0.8015   12.9
2026-07-16  22:55:24  19.67   12.9  100.0  -43160   59    1605    47   0.8066   12.1
2026-07-16  22:55:25  14.54   14.9  100.0  -43274   58    1605    47   0.7853   12.7
2026-07-16  22:55:26  19.52   13.3  100.0  -43274   58    1605    48   0.8068   12.4
2026-07-16  22:55:27  20.96   10.3  100.0  -43274   60    1605    48   0.7965   13.1
2026-07-16  22:55:28  20.89   15.0  100.0  -43274   61    1605    48   0.8027   15.7
2026-07-16  22:55:29  20.97   17.0  100.0  -43274   58    1605    48   0.8076   14.0
2026-07-16  22:55:30  21.02    9.3  100.0  -43274   58    1605    48   0.7819   10.4
2026-07-16  22:55:31  11.06   12.1  100.0  -43274   58    1605    48   0.7947    9.0
2026-07-16  22:55:32  20.09    9.8  100.0  -43274   58    1605    48   0.7841   10.3
2026-07-16  22:55:33  19.53    5.6  100.0  -43274   58    1605    48   0.7522    9.6
2026-07-16  22:55:34  18.17    5.2  100.0  -44384   58    1605    48   0.7854    7.8
2026-07-16  22:55:35  20.68    6.4  100.0  -44384   58    1605    48   0.7477    9.4
2026-07-16  22:55:36  19.27    7.0  100.0  -44384   58    1605    48   0.7528    9.9
2026-07-16  22:55:37  20.85   28.2  100.0  -44384   59    1605    48   0.8193   16.2
2026-07-16  22:55:38  21.24   24.9  100.0  -44384   59    1605    48   0.7949   17.3
2026-07-16  22:55:39  18.54    7.3  100.0  -44384   58    1605    48   0.7390   10.0
2026-07-16  22:55:40  20.61   13.0  100.0  -44384   58    1605    48   0.8105   10.9
2026-07-16  22:55:41  20.88   11.9  100.0  -44384   60    1605    48   0.7919   11.1
2026-07-16  22:55:42  19.67    7.9  100.0  -44384   58    1605    48   0.8099   10.1
2026-07-16  22:55:43  20.91    6.3  100.0  -44384   58    1605    48   0.7480    9.6
2026-07-16  22:55:44  18.90    6.7  100.0  -44384   58    1605    48   0.7767    9.5
2026-07-16  22:55:45  20.21    5.9  100.0  -44384   58    1605    48   0.7712    9.2
2026-07-16  22:55:46  18.69    5.2  100.0  -44384   59    1605    48   0.7954    9.0
2026-07-16  22:55:47  20.18   10.4  100.0  -44384   58    1605    48   0.8126   11.3
2026-07-16  22:55:48  15.64   26.5  100.0  -44384   59    1605    48   0.7498   16.9
2026-07-16  22:55:49  18.36   20.2  100.0  -44384   60    1605    48   0.8230   14.9
2026-07-16  22:55:50  21.77   14.8  100.0  -44384   59    1605    48   0.7898   13.7
2026-07-16  22:55:51  21.96   16.6  100.0  -44384   60    1605    48   0.8236   15.1
2026-07-16  22:55:52  20.99   15.8  100.0  -43829   59    1605    48   0.8004   12.8
2026-07-16  22:55:53  20.79   15.1  100.0  -43829   59    1605    48   0.8116   13.2
2026-07-16  22:55:54  18.73   20.1  100.0  -43829   58    1605    48   0.7982   12.7
2026-07-16  22:55:55  20.87   15.5  100.0  -43829   59    1605    48   0.7573   12.5
2026-07-16  22:55:56  11.10    9.2  100.0  -43829   58    1605    48   0.7920    9.0
2026-07-16  22:55:57  20.38    5.7  100.0  -43829   58    1605    48   0.7629    9.2
2026-07-16  22:55:58  19.91    6.5  100.0  -43829   58    1605    48   0.7987    9.5
2026-07-16  22:55:59  21.07   11.0  100.0  -43829   61    1605    48   0.8177   13.4
2026-07-16  22:56:00  21.29   14.4  100.0  -43829   58    1605    48   0.7888   12.0
2026-07-16  22:56:01  21.63   10.7  100.0  -43734   59    1605    48   0.7920   11.2
2026-07-16  22:56:02  21.98   13.8  100.0  -43734   58    1605    48   0.7933   11.5
2026-07-16  22:56:03  21.56    7.9  100.0  -43734   59    1605    48   0.8254   11.6
2026-07-16  22:56:04  21.42   12.1  100.0  -43734   60    1605    48   0.7766   11.9
2026-07-16  22:56:05  21.08   11.4  100.0  -43734   58    1605    48   0.8083   13.9
2026-07-16  22:56:06  20.90   15.7  100.0  -43734   60    1605    48   0.8026   13.7
2026-07-16  22:56:07  21.10   10.6  100.0  -43734   59    1605    48   0.7997   11.8
2026-07-16  22:56:08  20.03    5.1  100.0  -43734   58    1605    48   0.7904    9.0
2026-07-16  22:56:09  21.59   13.2  100.0  -43734   58    1605    48   0.8110   14.8
2026-07-16  22:56:10  18.20    6.9  100.0  -43809   59    1605    48   0.7921    8.7
2026-07-16  22:56:11  20.18    7.1  100.0  -43809   58    1605    48   0.8025   10.2
2026-07-16  22:56:12  11.09   13.4  100.0  -43809   59    1605    48   0.8068   10.2
2026-07-16  22:56:13  20.43    7.9  100.0  -43809   58    1605    48   0.8246   10.1
2026-07-16  22:56:14  17.73    5.3  100.0  -43809   58    1605    48   0.8015    8.0
2026-07-16  22:56:15  20.96    9.4  100.0  -43809   58    1605    48   0.7998   10.7
2026-07-16  22:56:16  18.17    7.6  100.0  -43809   59    1605    48   0.8123    8.5
2026-07-16  22:56:17  20.46   10.8  100.0  -43809   60    1605    48   0.7753   11.4
2026-07-16  22:56:18  21.11   16.5  100.0  -43809   59    1605    48   0.7948   13.4
2026-07-16  22:56:19  20.41   17.4  100.0  -42803   60    1605    48   0.8015   14.3
2026-07-16  22:56:20  19.82   10.9  100.0  -42803   58    1605    48   0.7964   12.0
2026-07-16  22:56:21  20.04   13.5  100.0  -42803   59    1605    48   0.7515   12.6
2026-07-16  22:56:22  19.06   10.5  100.0  -42803   59    1605    48   0.8134   11.1
2026-07-16  22:56:23  20.24   12.4  100.0  -42803   58    1605    48   0.7942   10.9
2026-07-16  22:56:24  18.68   14.5  100.0  -42803   60    1605    48   0.7986   11.6
2026-07-16  22:56:25  20.59   12.9  100.0  -42803   59    1605    48   0.7936   13.9
2026-07-16  22:56:26  18.93   12.1  100.0  -42803   60    1605    48   0.7897   11.6
2026-07-16  22:56:27  20.32   11.5  100.0  -42803   59    1605    48   0.8007   12.4
2026-07-16  22:56:28  21.02   12.7  100.0  -43761   58    1605    48   0.8003   13.3
2026-07-16  22:56:29  21.12   12.1  100.0  -43761   59    1605    48   0.7986   14.4
2026-07-16  22:56:30  11.07   15.8  100.0  -43761   60    1605    48   0.7916   12.9
2026-07-16  22:56:31  20.55   14.5  100.0  -43761   60    1605    48   0.7997   13.2
2026-07-16  22:56:32  20.63    8.3  100.0  -43761   58    1605    48   0.7786   11.5
2026-07-16  22:56:33  21.05   14.1  100.0  -43761   58    1605    48   0.8135   12.6
2026-07-16  22:56:34  19.85   13.6  100.0  -43761   60    1605    48   0.7892   11.5
2026-07-16  22:56:35  20.99   12.6  100.0  -43761   59    1605    48   0.7959   13.3
2026-07-16  22:56:36  20.99   15.4  100.0  -43761   58    1605    48   0.8007   12.6
2026-07-16  22:56:37  20.34   14.0  100.0  -44561   59    1605    48   0.7474   13.8
2026-07-16  22:56:38  19.66    9.8  100.0  -44561   60    1605    48   0.7949   11.5
2026-07-16  22:56:39  19.73   10.2  100.0  -44561   58    1605    48   0.8058   11.3
2026-07-16  22:56:40  18.26    8.3  100.0  -44561   60    1605    48   0.8115    9.9
2026-07-16  22:56:41  20.18   14.0  100.0  -44561   59    1605    48   0.8114   13.1
2026-07-16  22:56:42  14.42   13.5  100.0  -44561   58    1605    48   0.8021   11.7
2026-07-16  22:56:43  21.23   15.4  100.0  -44561   59    1605    48   0.8127   13.7
2026-07-16  22:56:44  20.22   13.6  100.0  -44561   59    1605    48   0.7603   12.4
2026-07-16  22:56:45  19.25   10.3  100.0  -44561   60    1605    48   0.7993   11.3
2026-07-16  22:56:46  20.93   10.7  100.0  -44591   61    1605    48   0.7926   12.4
2026-07-16  22:56:47  21.03   12.3  100.0  -44591   60    1605    48   0.7981   11.9
2026-07-16  22:56:48  20.94   17.9  100.0  -44591   59    1605    48   0.7500   14.4
2026-07-16  22:56:49  20.07   12.3  100.0  -44591   60    1605    48   0.7767   12.5
2026-07-16  22:56:50  18.95    7.4  100.0  -44591   60    1605    48   0.7902   10.1
2026-07-16  22:56:51  20.31   10.9  100.0  -44591   58    1605    48   0.7983   12.5
2026-07-16  22:56:52  19.14    8.5  100.0  -44591   59    1605    48   0.8002   10.6
2026-07-16  22:56:53  20.03   14.1  100.0  -44591   59    1605    48   0.7979   12.8
2026-07-16  22:56:54  11.15   19.2  100.0  -44591   60    1605    48   0.8022   13.4
2026-07-16  22:56:55  19.26   11.1  100.0  -44329   58    1605    48   0.8079   11.7
2026-07-16  22:56:56  20.93   10.9  100.0  -44329   60    1605    48   0.7950   11.6
2026-07-16  22:56:57  18.59    8.7  100.0  -44329   59    1605    48   0.7947    9.8
2026-07-16  22:56:58  19.98   11.1  100.0  -44329   60    1605    48   0.8143   12.8
2026-07-16  22:56:59  20.16   13.2  100.0  -44329   59    1605    48   0.7860   13.8
2026-07-16  22:57:00  11.26   17.4  100.0  -44329   60    1605    48   0.8032   12.2
2026-07-16  22:57:01  19.71   11.9  100.0  -44329   58    1605    48   0.7925   13.1
2026-07-16  22:57:02  18.46   10.5  100.0  -44329   59    1605    48   0.7943   10.2
2026-07-16  22:57:03  11.05   18.2  100.0  -44329   58    1605    48   0.8094   13.3
2026-07-16  22:57:04  11.08   10.6  100.0  -44234   59    1605    48   0.7993    9.5
2026-07-16  22:57:05  20.33    7.9  100.0  -44234   60    1605    48   0.7911   10.8
2026-07-16  22:57:06  20.55    9.9  100.0  -44234   58    1605    48   0.7646   11.5
2026-07-16  22:57:07  21.31   15.1  100.0  -44234   58    1605    48   0.7981   13.3
2026-07-16  22:57:08  19.60   13.0  100.0  -44234   61    1605    48   0.8053   12.9
2026-07-16  22:57:09  18.83   12.9  100.0  -44234   59    1605    48   0.7952   12.6
2026-07-16  22:57:10  20.36    5.7  100.0  -44234   58    1605    48   0.7883    9.2
2026-07-16  22:57:11  19.90    6.1  100.0  -44234   60    1605    48   0.7816    9.5
2026-07-16  22:57:12  18.63    4.9  100.0  -44234   60    1605    48   0.7866    7.9
2026-07-16  22:57:12  POWER STATUS CHANGE
2026-07-16  22:57:13  35.90   24.6  100.0       0   75    1605    48   1.1791   44.1
2026-07-16  22:57:14  12.20   16.2  100.0       0   69    1605    49   1.1523   35.5
2026-07-16  22:57:15  40.84    5.0  100.0       0   65    1605    49   1.1823   22.9
2026-07-16  22:57:16  43.36    8.1  100.0       0   63    1605    49   1.1407   19.6
2026-07-16  22:57:17  47.02    5.5  100.0       0   80    1605    49   1.4325   24.1
2026-07-16  22:57:18  44.28    6.5  100.0       0   69    1605    49   1.4260   28.3
2026-07-16  22:57:19  45.78    6.2  100.0       0   70    1605    49   1.4347   31.9
2026-07-16  22:57:20  43.22    5.3  100.0       0   64    1605    49   1.3798   23.0
2026-07-16  22:57:21  50.61    4.5  100.0       0   81    1605    49   1.4116   31.8
2026-07-16  22:57:22  48.55    6.8  100.0       0   91    1605    49   1.3539   47.6
2026-07-16  22:57:23  50.94    9.8  100.0       0   89    1605    49   1.3209   59.0
2026-07-16  22:57:24  48.55   10.5  100.0       0   81    1605    50   1.4697   61.8
2026-07-16  22:57:25  50.92    5.9  100.0       0   75    1605    50   1.4241   34.6
2026-07-16  22:57:26  43.49    4.4  100.0       0   69    1605    50   1.4257   29.3
2026-07-16  22:57:27  42.50    7.1  100.0       0   74    1605    50   1.4482   33.6
2026-07-16  22:57:28  53.22    6.4  100.0       0   79    1605    51   1.4282   52.4
2026-07-16  22:57:29  52.71    5.6  100.0       0   80    1605    51   1.3585   45.6
2026-07-16  22:57:30  52.79    5.6  100.0       0   77    1605    51   1.4772   49.5
2026-07-16  22:57:31  49.24    5.3  100.0       0   77    1605    51   1.4305   42.9
2026-07-16  22:57:32  50.18    7.9  100.0       0   77    1605    51   1.4357   49.1
2026-07-16  22:57:33  46.79    4.9  100.0       0   72    1605    51   1.3423   30.6
2026-07-16  22:57:34  39.37    7.0  100.0       0   75    1605    51   1.4413   28.8
2026-07-16  22:57:35  46.02    7.5  100.0       0   78    1605    51   1.4160   33.2
2026-07-16  22:57:36  47.51   15.0  100.0       0   78    1605    51   1.4093   45.7
2026-07-16  22:57:37  44.08   16.3  100.0       0   73    1605    51   1.4489   39.8
2026-07-16  22:57:38  53.87    7.3  100.0       0   87    1605    52   1.4482   61.6
2026-07-16  22:57:39  31.84    7.5  100.0       0   66    1605    52   1.2974   28.7
2026-07-16  22:57:40  43.62    8.3  100.0       0   79    1605    52   1.4479   45.9
2026-07-16  22:57:41  46.78   10.9  100.0       0  100    1605    52   1.4095   61.8   TEMP
2026-07-16  22:57:42  50.90    4.5  100.0       0   76    1605    52   1.4193   32.8
2026-07-16  22:57:43  52.64    6.6  100.0       0   89    1605    52   1.3862   44.4
2026-07-16  22:57:44  49.96    6.1  100.0       0   79    1605    53   1.3951   41.8
2026-07-16  22:57:45  48.45    5.3  100.0       0   78    1605    53   1.4346   33.4
2026-07-16  22:57:46  50.76    4.4  100.0       0   81    1605    53   1.4316   33.7
2026-07-16  22:57:47  48.77    5.1  100.0       0   79    1605    53   1.4454   31.4
2026-07-16  22:57:48  52.05    4.2  100.0       0   76    1605    53   1.4220   31.5
2026-07-16  22:57:49  48.23    3.6  100.0       0   66    1605    53   1.4094   28.8
2026-07-16  22:57:50  37.02    3.5  100.0       0   74    1605    52   1.4335   16.6
2026-07-16  22:57:51  49.77    4.2  100.0       0   78    1605    52   1.4113   30.6
2026-07-16  22:57:52  47.20    4.9  100.0       0   70    1605    52   1.4185   29.6
2026-07-16  22:57:53  48.71    6.5  100.0       0   75    1605    52   1.4371   45.7
2026-07-16  22:57:54  51.32    4.0  100.0       0   73    1605    52   1.4924   25.5
2026-07-16  22:57:55  49.65    5.7  100.0       0   87    1605    52   1.4282   30.2
2026-07-16  22:57:56  49.29    3.7  100.0       0   85    1605    52   1.4355   26.6
2026-07-16  22:57:57  50.16    4.9  100.0       0   75    1605    52   1.4519   26.0
2026-07-16  22:57:58  49.29    6.5  100.0       0   79    1605    52   1.4072   35.5
2026-07-16  22:57:59  50.96    6.7  100.0       0   83    1605    52   1.4141   50.3
2026-07-16  22:58:00  51.20    9.3  100.0       0   87    1605    53   1.3676   58.3
2026-07-16  22:58:01  51.36    9.5  100.0       0   85    1605    53   1.4132   65.5
2026-07-16  22:58:02  51.66    8.1  100.0       0   84    1605    53   1.4540   53.0
2026-07-16  22:58:03  49.66    9.1  100.0       0   84    1605    53   1.4375   47.9
2026-07-16  22:58:04  49.63    9.4  100.0       0   84    1605    54   1.4128   48.4
2026-07-16  22:58:05  52.64    6.5  100.0       0   87    1605    54   1.3916   44.6
2026-07-16  22:58:06  51.12    6.7  100.0       0   87    1605    54   1.4539   45.8
2026-07-16  22:58:07  50.31    8.6  100.0       0   89    1605    54   1.4347   53.8
2026-07-16  22:58:08  51.17    7.7  100.0       0   84    1605    54   1.4613   50.0
2026-07-16  22:58:09  47.27    6.9  100.0       0   82    1605    54   1.3656   44.3
2026-07-16  22:58:10  48.27    6.7  100.0       0   90    1605    54   1.3989   41.1
2026-07-16  22:58:11  51.87    6.9  100.0       0   80    1605    54   1.4648   53.4
2026-07-16  22:58:12  51.34    6.1  100.0       0   89    1605    54   1.4290   47.8
2026-07-16  22:58:13  49.35    7.5  100.0       0   84    1605    54   1.4395   45.0
2026-07-16  22:58:14  50.06    6.6  100.0       0   87    1605    54   1.3695   52.1
2026-07-16  22:58:15  50.21   13.0  100.0       0   93    1605    54   1.2490   67.4   TEMP
2026-07-16  22:58:16  31.99   14.1  100.0       0   83    1605    54   1.4272   49.9
2026-07-16  22:58:17  44.92    9.1  100.0       0   95    1605    54   1.4368   55.0
2026-07-16  22:58:18  50.55   14.1  100.0       0   96    1605    55   1.4153   68.6
2026-07-16  22:58:19  49.34   10.1  100.0       0   81    1605    55   1.4587   74.3
2026-07-16  22:58:20  43.62   31.3  100.0       0  100    1605    55   1.2158   93.1
2026-07-16  22:58:21  37.25   39.2  100.0       0   99    1605    55   1.1803   89.7   TEMP   PL2
2026-07-16  22:58:22  34.09   40.1  100.0       0   91    1605    56   1.2056   87.7   PL2
2026-07-16  22:58:23  38.98   48.8  100.0       0   94    1605    56   1.4135   84.8   PL2
2026-07-16  22:58:24  46.90   19.1  100.0       0   95    1605    57   1.2205   75.6   TEMP
2026-07-16  22:58:25  44.97   27.4  100.0       0   98    1605    57   1.2361   78.4   TEMP
2026-07-16  22:58:26  44.57   27.8  100.0       0  100    1605    57   1.4327   81.5   TEMP
2026-07-16  22:58:27  45.21   21.2  100.0       0  100    1605    57   1.3452   74.3   TEMP
2026-07-16  22:58:28  43.64   20.0  100.0       0   97    1605    57   1.3235   65.1   TEMP
2026-07-16  22:58:29  47.44   17.6  100.0       0   98    1605    57   1.4531   66.8
2026-07-16  22:58:30  44.79   18.1  100.0       0   96    1605    57   1.3010   68.0   TEMP
2026-07-16  22:58:31  47.03   19.0  100.0       0   96    1605    57   1.4290   57.6
2026-07-16  22:58:32  49.15   19.3  100.0       0   97    1605    57   1.4711   70.9
2026-07-16  22:58:33  46.49   15.6  100.0       0   96    1605    57   1.4347   64.1
2026-07-16  22:58:34  50.00   10.5  100.0       0   87    1605    57   1.4333   65.1
2026-07-16  22:58:35  47.92   11.0  100.0       0   87    1605    57   1.4050   40.2
2026-07-16  22:58:36  48.89    8.9  100.0       0   95    1605    56   1.4266   50.7
2026-07-16  22:58:37  45.64    6.2  100.0       0   77    1605    56   1.4293   37.9
2026-07-16  22:58:38  50.17    6.8  100.0       0   96    1605    56   1.4271   44.7
2026-07-16  22:58:39  32.06   16.1  100.0       0   87    1605    56   1.3146   57.3
2026-07-16  22:58:40  33.68   16.4  100.0       0   97    1605    55   1.3079   50.1
2026-07-16  22:58:41  31.97   14.7  100.0       0   88    1605    55   1.3201   53.7
2026-07-16  22:58:42  37.16   32.3  100.0       0   89    1605    55   1.1886  108.3
2026-07-16  22:58:43  32.06   22.0  100.0       0   89    1605    55   1.4404   88.6
2026-07-16  22:58:44  42.51   21.9  100.0       0   94    1605    55   1.2130   87.3   TEMP
2026-07-16  22:58:45  43.76   34.1  100.0       0   96    1605    55   1.3242   94.3   TEMP
2026-07-16  22:58:46  47.41   16.1  100.0       0  100    1605    55   1.4647   76.4
2026-07-16  22:58:47  46.60    7.7  100.0       0  100    1605    55   1.4296   68.7   TEMP
2026-07-16  22:58:48  45.90    9.4  100.0       0  100    1605    55   1.4315   76.9
2026-07-16  22:58:49  51.26   10.2  100.0       0   98    1605    55   1.4124   68.6
2026-07-16  22:58:50  50.27    8.3  100.0       0   87    1605    54   1.4526   67.3
2026-07-16  22:58:51  50.50   14.2  100.0       0   97    1605    54   1.2516   77.7
2026-07-16  22:58:52  45.67    7.5  100.0       0  100    1605    54   1.3513   78.8   TEMP
2026-07-16  22:58:53  47.91   14.4  100.0       0   92    1605    54   1.3151   95.1   PL2
2026-07-16  22:58:54  45.50   18.8  100.0       0   93    1605    54   1.1959   81.6   PL1
2026-07-16  22:58:55  43.82   15.3  100.0       0   89    1605    54   1.2495   71.4   PL1
2026-07-16  22:58:56  38.86   23.4  100.0       0   83    1605    54   1.0127   70.0   PL1
2026-07-16  22:58:57  31.29   24.7  100.0       0   81    1605    54   1.0785   71.0   PL1
2026-07-16  22:58:58  42.91   18.2  100.0       0   87    1605    54   1.2739   68.5   PL1
2026-07-16  22:58:59  41.48   16.1  100.0       0   87    1605    54   1.1495   70.6   PL1
2026-07-16  22:59:00  41.95   15.0  100.0       0   89    1605    53   1.2350   66.0   PL1
2026-07-16  22:59:01  38.69   19.1  100.0       0   84    1605    53   1.1476   70.6   PL1
2026-07-16  22:59:02  39.73   15.7  100.0       0   85    1605    53   1.1504   70.4   PL1
2026-07-16  22:59:03  39.62   15.1  100.0       0   81    1605    53   1.1294   65.1   PL1
2026-07-16  22:59:04  19.89   17.1  100.0       0   82    1605    53   1.1626   69.6   PL1
2026-07-16  22:59:05  40.75   14.2  100.0       0   80    1605    53   1.0857   72.1   PL1
2026-07-16  22:59:06  36.33   19.9  100.0       0   82    1605    53   1.1089   75.0   PL1
2026-07-16  22:59:07  40.07   15.1  100.0       0   88    1605    53   1.1364   74.7   PL1
2026-07-16  22:59:08  38.90    9.6  100.0       0   89    1605    53   1.1876   69.0   PL1
2026-07-16  22:59:09  43.33    8.4  100.0       0   87    1605    53   1.2096   73.5   PL1
2026-07-16  22:59:10  39.49   10.0  100.0       0   85    1605    53   1.1401   73.9   PL1
2026-07-16  22:59:11  39.27   11.5  100.0       0   87    1605    53   1.1746   65.8   PL1
2026-07-16  22:59:12  43.31    8.3  100.0       0   96    1605    53   1.2068   67.7   PL1
2026-07-16  22:59:13  44.99   10.9  100.0       0   96    1605    53   1.2554   66.0   PL1
2026-07-16  22:59:14  49.07   10.9  100.0       0   87    1605    52   1.0681   70.6   PL1
2026-07-16  22:59:15  43.09   11.1  100.0       0   84    1605    52   1.3038   70.9   PL1
2026-07-16  22:59:16  51.72    7.5  100.0       0   84    1605    52   1.4080   58.9
2026-07-16  22:59:17  48.01    6.5  100.0       0   77    1605    52   1.4138   38.7
2026-07-16  22:59:18  52.06    6.4  100.0       0   87    1605    52   1.4398   43.4
2026-07-16  22:59:19  48.88    6.9  100.0       0   74    1605    52   1.4026   37.7
2026-07-16  22:59:20  50.85    5.9  100.0       0   79    1605    51   1.4055   43.8
2026-07-16  22:59:21  47.83    7.8  100.0       0   78    1605    51   1.3827   41.7
2026-07-16  22:59:22  51.33    5.1  100.0       0   74    1605    51   1.4321   39.5
2026-07-16  22:59:23  49.71   20.0  100.0       0   79    1605    51   1.3787   75.9
2026-07-16  22:59:24  48.82    8.8  100.0       0   83    1605    51   1.4272   39.9
2026-07-16  22:59:25  52.52    6.3  100.0       0   75    1605    51   1.4211   40.2
2026-07-16  22:59:26  49.33    5.3  100.0       0   85    1605    50   1.4045   31.6
2026-07-16  22:59:27  47.99    9.5  100.0       0   75    1605    50   1.4635   45.4
2026-07-16  22:59:28  48.82    6.8  100.0       0   73    1605    50   1.4178   38.5
2026-07-16  22:59:29  47.71    5.3  100.0       0   73    1605    50   1.4410   30.7
2026-07-16  22:59:30  46.37    7.6  100.0       0   74    1605    49   1.4839   34.5
2026-07-16  22:59:31  49.54    5.0  100.0       0   71    1605    49   1.4302   35.2
2026-07-16  22:59:32  48.69    5.4  100.0       0   71    1605    49   1.4268   31.3
2026-07-16  22:59:33  48.81    5.5  100.0       0   72    1605    49   1.3341   32.8
2026-07-16  22:59:34  50.08    6.8  100.0       0   87    1605    49   1.4259   47.1
2026-07-16  22:59:35  50.69    5.1  100.0       0   68    1605    49   1.3685   40.9
2026-07-16  22:59:36  44.82    5.6  100.0       0   73    1605    48   1.4220   35.6
2026-07-16  22:59:37  47.22   10.3  100.0       0   74    1605    48   1.4059   42.7
2026-07-16  22:59:38  47.49    5.5  100.0       0   75    1605    48   1.3276   34.0
2026-07-16  22:59:39  50.89    5.1  100.0       0   75    1605    48   1.4387   37.9
2026-07-16  22:59:40  51.03    7.9  100.0       0   80    1605    48   1.4304   50.1
2026-07-16  22:59:41  48.53    9.2  100.0       0   76    1605    48   1.4266   56.9
2026-07-16  22:59:42  42.60    8.2  100.0       0   68    1605    48   1.3942   36.4
2026-07-16  22:59:43  48.34    8.7  100.0       0   69    1605    48   1.4690   52.8
2026-07-16  22:59:44  49.32    7.3  100.0       0   78    1605    48   1.3920   50.5
2026-07-16  22:59:45  47.34   20.7  100.0       0   86    1605    48   1.2213   99.2   PL2
2026-07-16  22:59:46  49.38   13.6  100.0       0   78    1605    49   1.4130   76.2
2026-07-16  22:59:47  51.98   12.4  100.0       0   97    1605    49   1.3577   79.1
2026-07-16  22:59:48  50.23    6.5  100.0       0   77    1605    49   1.3937   46.7
2026-07-16  22:59:49  49.78   11.6  100.0       0   97    1605    49   1.3856   77.6   PL2
2026-07-16  22:59:50  51.41    9.7  100.0       0   75    1605    49   1.4120   62.2
2026-07-16  22:59:51  50.53   12.9  100.0       0   95    1605    49   1.4175   77.9
2026-07-16  22:59:52  50.51    9.6  100.0       0   85    1605    49   1.4418   80.2
2026-07-16  22:59:53  49.99   12.2  100.0       0   79    1605    49   1.4398   61.9
2026-07-16  22:59:54  46.98    8.6  100.0       0   79    1605    49   1.4283   47.2
2026-07-16  22:59:55  49.54    8.0  100.0       0   76    1605    49   1.4275   50.5
2026-07-16  22:59:56  51.66    5.4  100.0       0   73    1605    50   1.4214   35.7
2026-07-16  22:59:57  50.59    9.8  100.0       0   77    1605    50   1.4006   37.1
2026-07-16  22:59:58  46.19    9.0  100.0       0   78    1605    49   1.4048   34.8
2026-07-16  22:59:59  16.57   15.0  100.0       0   89    1605    49   1.4271   42.8
2026-07-16  23:00:00  50.44    5.1  100.0       0   67    1305    50   1.4354   38.6
2026-07-16  23:00:01  52.38    7.4  100.0       0   73    1305    50   1.4172   42.1
2026-07-16  23:00:02  45.80    4.3  100.0       0   74    1605    49   1.4336   28.0
2026-07-16  23:00:03  50.78    5.6  100.0       0   75    1605    49   1.4210   34.4
2026-07-16  23:00:04  46.43    9.0  100.0       0   74    1605    50   1.4077   39.0
2026-07-16  23:00:05  52.44    8.3  100.0       0   75    1605    50   1.4302   39.4
2026-07-16  23:00:06  51.30    5.3  100.0       0   75    1605    50   1.4181   32.4
2026-07-16  23:00:07  49.56    6.4  100.0       0   75    1605    50   1.3950   34.5
2026-07-16  23:00:08  48.37   15.6  100.0       0   90    1605    50   1.1150   81.7
2026-07-16  23:00:09  48.47   13.8  100.0       0   93    1605    50   1.3942   70.3   TEMP
2026-07-16  23:00:10  48.49   17.0  100.0       0   94    1605    51   1.3318   83.5   TEMP
2026-07-16  23:00:11  49.89   16.6  100.0       0   97    1605    51   1.3907   80.3   PL2
2026-07-16  23:00:12  46.76   20.8  100.0       0   95    1605    52   1.4240   95.7
2026-07-16  23:00:13  49.70   12.3  100.0       0  100    1605    52   1.3538   73.9   TEMP
2026-07-16  23:00:14  48.15   15.1  100.0       0   93    1605    52   1.4268   64.6
2026-07-16  23:00:15  45.16   17.2  100.0       0   95    1605    52   1.3739   75.6   TEMP
2026-07-16  23:00:16  46.22   12.8  100.0       0   87    1605    53   1.4314   55.2
2026-07-16  23:00:17  48.81   21.2  100.0       0   77    1605    53   1.4407   60.0
2026-07-16  23:00:18  16.80   15.6  100.0       0   67    1605    53   1.0244   51.0
2026-07-16  23:00:19  17.45   18.9  100.0       0   79    1605    53   1.4408   38.5
2026-07-16  23:00:20  48.64   16.9  100.0       0   98    1605    53   1.4424   47.7
2026-07-16  23:00:21  50.30   11.7  100.0       0   79    1605    53   1.4565   57.9
2026-07-16  23:00:22  51.57   14.7  100.0       0   77    1605    53   1.4380   43.4
2026-07-16  23:00:23  48.05   13.4  100.0       0   79    1605    53   1.4160   55.3
2026-07-16  23:00:24  50.64    9.1  100.0       0   79    1605    54   1.4674   47.0
2026-07-16  23:00:25  49.00    9.2  100.0       0   87    1605    54   1.4510   43.9
2026-07-16  23:00:26  44.15   12.3  100.0       0   85    1605    54   1.4329   46.9
2026-07-16  23:00:27  49.05    9.2  100.0       0   79    1605    54   1.4082   43.0
2026-07-16  23:00:28  44.28    9.9  100.0       0   87    1605    54   1.3923   38.7
2026-07-16  23:00:29  48.00   10.0  100.0       0   91    1605    54   1.4232   51.3
2026-07-16  23:00:30  51.88    8.5  100.0       0   78    1605    54   1.4655   42.2
2026-07-16  23:00:31  43.88    8.5  100.0       0   77    1605    54   1.4282   36.6
2026-07-16  23:00:32  47.51    6.9  100.0       0   87    1605    54   1.4452   43.7
2026-07-16  23:00:33  48.58    8.9  100.0       0   89    1605    54   1.3805   48.8
2026-07-16  23:00:34  50.72    6.8  100.0       0   87    1605    54   1.4639   49.2
2026-07-16  23:00:35  51.79    8.1  100.0       0   87    1605    54   1.4275   49.9
2026-07-16  23:00:36  50.33    7.6  100.0       0   90    1605    54   1.4464   44.6
2026-07-16  23:00:37  46.36   27.6  100.0       0   96    1605    54   1.2938   80.0   TEMP
2026-07-16  23:00:38  46.05   24.9  100.0       0   90    1605    55   1.4054   74.3
2026-07-16  23:00:39  49.73   14.5  100.0       0   97    1605    55   1.4006   72.9   TEMP
2026-07-16  23:00:40  48.15   15.6  100.0       0   89    1605    55   1.4438   78.5
2026-07-16  23:00:41  48.74   10.0  100.0       0   95    1605    55   1.4396   48.8
2026-07-16  23:00:42  46.19   11.1  100.0       0   77    1305    56   1.4203   54.3
2026-07-16  23:00:43  53.21   11.0  100.0       0   88    1305    56   1.4355   58.6
2026-07-16  23:00:44  49.78   10.3  100.0       0   95    1605    56   1.4233   41.3
2026-07-16  23:00:45  52.14    8.6  100.0       0   96    1605    56   1.4211   37.4
2026-07-16  23:00:46  48.11    9.9  100.0       0   77    1605    56   1.4779   39.3
2026-07-16  23:00:47  51.18    8.5  100.0       0   82    1605    56   1.4485   38.2
2026-07-16  23:00:48  47.85   11.0  100.0       0   82    1605    55   1.4270   39.4
2026-07-16  23:00:49  51.32   11.7  100.0       0   84    1605    55   1.4341   43.6
2026-07-16  23:00:50  50.69    8.2  100.0       0   80    1605    55   1.4429   35.8
2026-07-16  23:00:51  52.10    9.5  100.0       0   77    1605    55   1.4314   39.9
2026-07-16  23:00:52  51.92    9.3  100.0       0   87    1605    55   1.4637   36.7
2026-07-16  23:00:53  51.49   10.5  100.0       0   79    1605    55   1.4431   41.8
2026-07-16  23:00:54  45.97   10.9  100.0       0   81    1605    55   1.4490   39.0
2026-07-16  23:00:55  47.28    8.6  100.0       0   85    1605    55   1.4297   43.5
2026-07-16  23:00:56  51.65    8.5  100.0       0   80    1605    55   1.4303   36.4
2026-07-16  23:00:57  49.52    9.3  100.0       0   80    1605    55   1.4395   44.9
2026-07-16  23:00:58  49.56    8.5  100.0       0   79    1605    55   1.4252   34.9
2026-07-16  23:00:59  43.83   10.9  100.0       0   85    1605    55   1.3687   43.0
2026-07-16  23:01:00  51.39   10.4  100.0       0   78    1605    55   1.4535   40.3
2026-07-16  23:01:01  48.86    8.8  100.0       0   85    1605    55   1.4790   37.0
2026-07-16  23:01:02  43.66   10.9  100.0       0   81    1605    55   1.4530   40.3
2026-07-16  23:01:03  48.31    9.9  100.0       0   85    1605    55   1.3464   39.5
2026-07-16  23:01:04  51.37    9.2  100.0       0   79    1605    55   1.4504   36.0
2026-07-16  23:01:05  46.33   11.3  100.0       0   80    1605    55   1.4498   39.0
2026-07-16  23:01:06  51.50    9.2  100.0       0   77    1605    55   1.4215   38.3
2026-07-16  23:01:07  38.01    9.2  100.0       0   84    1605    55   1.3525   34.7
2026-07-16  23:01:08  49.46    9.0  100.0       0   83    1605    55   1.4760   38.7
2026-07-16  23:01:09  44.36   10.2  100.0       0   79    1605    55   1.4473   40.5
2026-07-16  23:01:10  47.65    8.5  100.0       0   88    1605    55   1.4312   41.4
2026-07-16  23:01:11  49.41    8.5  100.0       0   87    1605    55   1.4268   29.8
2026-07-16  23:01:12  46.89    9.0  100.0       0   79    1605    55   1.4469   39.0
2026-07-16  23:01:13  41.51   10.4  100.0       0   89    1605    55   1.4432   45.1
2026-07-16  23:01:14  48.42    8.7  100.0       0   79    1605    55   1.4178   38.5
2026-07-16  23:01:15  41.64    9.0  100.0       0   83    1605    55   1.4282   35.4
2026-07-16  23:01:16  43.38    7.4  100.0       0   78    1605    55   1.4691   34.3
2026-07-16  23:01:17  48.40   14.0  100.0       0   87    1605    55   1.4176   52.9
2026-07-16  23:01:18  36.62   11.8  100.0       0   73    1605    55   1.4268   50.7
2026-07-16  23:01:19  42.55   10.2  100.0       0   71    1605    55   1.4150   38.0
2026-07-16  23:01:20  42.83    5.2  100.0       0   81    1605    55   1.4933   25.5
2026-07-16  23:01:21  44.75   10.8  100.0       0   81    1605    55   1.4321   57.6
2026-07-16  23:01:22  47.82    8.7  100.0       0   72    1605    55   1.4386   37.0
2026-07-16  23:01:23  45.22   10.9  100.0       0   81    1605    55   1.4148   43.9
2026-07-16  23:01:24  39.29    7.2  100.0       0   87    1605    55   1.3677   30.9
2026-07-16  23:01:25  48.19   10.9  100.0       0   79    1605    55   1.4594   48.9
2026-07-16  23:01:26  43.95    9.1  100.0       0   78    1605    55   1.4285   38.9
2026-07-16  23:01:27  51.96    8.9  100.0       0   87    1605    55   1.3802   42.0
2026-07-16  23:01:28  49.54   19.9  100.0       0   90    1605    55   1.4059   78.2
2026-07-16  23:01:29  48.05   13.5  100.0       0   83    1605    55   1.4150   55.5
2026-07-16  23:01:30  49.56   10.3  100.0       0   84    1605    56   1.4592   50.0
2026-07-16  23:01:31  50.51    9.4  100.0       0  100    1605    56   1.3882   55.5   TEMP
2026-07-16  23:01:32  49.24   10.3  100.0       0   89    1605    56   1.4347   57.9
2026-07-16  23:01:33  51.77    5.8  100.0       0   86    1605    56   1.4454   40.6
2026-07-16  23:01:34  50.47    7.4  100.0       0   79    1605    56   1.4385   37.5
2026-07-16  23:01:35  50.99    5.7  100.0       0   83    1605    56   1.4087   39.0
2026-07-16  23:01:36  51.22    5.1  100.0       0   79    1605    56   1.4399   33.8
2026-07-16  23:01:37  48.67    4.7  100.0       0   83    1605    56   1.3910   32.1
2026-07-16  23:01:38  50.27    6.0  100.0       0   84    1605    56   1.4183   40.9
2026-07-16  23:01:39  50.21    5.1  100.0       0   80    1605    56   1.3779   33.6
2026-07-16  23:01:40  47.24    9.5  100.0       0   91    1605    55   1.4379   44.0
2026-07-16  23:01:41  50.47    5.3  100.0       0   88    1605    55   1.4260   33.2
2026-07-16  23:01:42  49.33    5.1  100.0       0   85    1605    55   1.3909   35.8
2026-07-16  23:01:43  50.99    5.4  100.0       0   87    1605    55   1.4362   34.4
2026-07-16  23:01:44  49.36    4.4  100.0       0   82    1605    55   1.4279   31.3
2026-07-16  23:01:45  48.94    6.1  100.0       0   83    1605    55   1.4741   39.8
2026-07-16  23:01:46  49.40    5.6  100.0       0   83    1605    55   1.4386   40.4
2026-07-16  23:01:47  50.76    6.0  100.0       0   81    1605    55   1.5006   41.2
2026-07-16  23:01:48  52.38    4.2  100.0       0   89    1605    55   1.3595   34.5
2026-07-16  23:01:49  49.21    5.7  100.0       0   79    1605    55   1.3827   35.6
2026-07-16  23:01:50  47.58   22.1  100.0       0   79    1305    55   1.3693   63.7
2026-07-16  23:01:51  46.54    7.6  100.0       0   78    1305    55   1.4290   39.9
2026-07-16  23:01:52  49.85   12.8  100.0       0   87    1305    55   1.4281   32.7
2026-07-16  23:01:53  50.77   10.9  100.0       0   87    1305    55   1.4318   44.0
2026-07-16  23:01:54  49.84    6.6  100.0       0   79    1605    55   1.4205   38.6
2026-07-16  23:01:55  48.93   12.9  100.0       0   80    1605    55   1.4354   44.9
2026-07-16  23:01:56  51.47    7.3  100.0       0   89    1605    55   1.4139   35.6
2026-07-16  23:01:57  49.72    7.8  100.0       0   80    1605    55   1.4199   47.3
2026-07-16  23:01:58  48.18    5.9  100.0       0   76    1605    55   1.4021   34.3
2026-07-16  23:01:59  53.02    5.2  100.0       0   77    1605    55   1.4025   36.4
2026-07-16  23:02:00  50.12    8.8  100.0       0   77    1605    55   1.4495   39.3
2026-07-16  23:02:01  50.12    7.2  100.0       0   84    1605    55   1.4510   38.8
2026-07-16  23:02:02  46.81    7.2  100.0       0   84    1605    55   1.4418   35.9
2026-07-16  23:02:03  49.50    9.2  100.0       0   83    1605    55   1.4180   40.1
2026-07-16  23:02:04  48.17    7.3  100.0       0   84    1305    55   1.4041   41.9
2026-07-16  23:02:05  49.96    8.6  100.0       0   82    1305    55   1.3583   55.7
2026-07-16  23:02:06  45.71    8.1  100.0       0   83    1305    55   1.3749   38.3
2026-07-16  23:02:07  50.07   10.0  100.0       0   88    1305    55   1.4004   65.0
2026-07-16  23:02:08  50.29    6.8  100.0       0   80    1605    56   1.4397   47.1
2026-07-16  23:02:09  51.19    6.6  100.0       0   80    1605    56   1.4465   40.4
2026-07-16  23:02:10  50.84    9.1  100.0       0   90    1605    56   1.4745   66.7
2026-07-16  23:02:11  45.93   10.9  100.0       0   82    1605    56   1.4260   53.6
2026-07-16  23:02:12  47.96    8.3  100.0       0   87    1305    56   1.4185   46.8
2026-07-16  23:02:13  48.18    9.0  100.0       0   81    1305    56   1.4397   44.6
2026-07-16  23:02:14  48.94    7.9  100.0       0  100    1605    56   1.3710   40.9   TEMP
2026-07-16  23:02:15  48.29   12.6  100.0       0   94    1605    56   1.2231   59.8   TEMP
2026-07-16  23:02:16  45.64   18.4  100.0       0   97    1605    56   1.2129   83.5   TEMP
2026-07-16  23:02:17  49.20    8.1  100.0       0   83    1605    56   1.4211   50.8
2026-07-16  23:02:18  50.96    6.3  100.0       0   82    1305    56   1.4034   32.6
2026-07-16  23:02:19  50.11    4.9  100.0       0   78    1305    56   1.4314   36.5
2026-07-16  23:02:20  48.18    5.6  100.0       0   79    1605    56   1.4309   33.3
2026-07-16  23:02:21  46.11    6.4  100.0       0   87    1605    56   1.4071   31.5
2026-07-16  23:02:22  49.81    5.6  100.0       0   79    1305    56   1.4337   37.0
2026-07-16  23:02:23  49.64    6.2  100.0       0   80    1305    56   1.4167   40.7
2026-07-16  23:02:24  49.21    7.0  100.0       0   87    1305    56   1.4387   38.1
2026-07-16  23:02:25  47.63    6.3  100.0       0   89    1305    56   1.4166   36.5
2026-07-16  23:02:26  48.44    7.2  100.0       0   93    1305    56   1.4592   47.4
2026-07-16  23:02:27  50.04   10.8  100.0       0   88    1305    56   1.4315   62.0
2026-07-16  23:02:28  51.07    6.2  100.0       0   94    1605    56   1.4467   47.4   TEMP
2026-07-16  23:02:29  49.19   14.2  100.0       0   91    1605    56   1.4161   81.5
2026-07-16  23:02:30  41.33    5.8  100.0       0   87    1605    56   1.4370   35.1
2026-07-16  23:02:31  46.64    9.9  100.0       0   91    1605    56   1.4203   53.6
2026-07-16  23:02:32  49.23    8.3  100.0       0   94    1605    57   1.4476   52.5
2026-07-16  23:02:33  49.01    8.0  100.0       0   98    1605    57   1.1646   49.9   TEMP
2026-07-16  23:02:34  51.18   10.9  100.0       0  100    1605    57   1.4371   52.4   TEMP
2026-07-16  23:02:35  48.81   11.8  100.0       0   96    1605    57   1.3992   60.3
2026-07-16  23:02:36  46.52   16.7  100.0       0   91    1605    57   1.3943   61.4
2026-07-16  23:02:37  46.82   15.5  100.0       0   98    1605    57   1.3545   55.5   TEMP
2026-07-16  23:02:38  50.29    6.8  100.0       0   90    1605    57   1.4272   46.5
2026-07-16  23:02:39  50.22    4.6  100.0       0   97    1605    57   1.4008   33.4
2026-07-16  23:02:40  51.30    5.9  100.0       0   91    1605    57   1.4492   36.4
2026-07-16  23:02:41  48.88    7.6  100.0       0   97    1605    57   1.4204   36.3
2026-07-16  23:02:42  50.13    5.1  100.0       0   89    1605    57   1.3973   38.9
2026-07-16  23:02:43  50.73    5.0  100.0       0   85    1605    57   1.4409   36.7
2026-07-16  23:02:44  49.70    6.6  100.0       0   96    1605    57   1.3999   42.8   VMAX
2026-07-16  23:02:45  50.25    6.3  100.0       0   97    1605    57   1.3483   42.7
2026-07-16  23:02:46  49.59    7.1  100.0       0   94    1605    57   1.3683   42.8
2026-07-16  23:02:47  50.32    6.4  100.0       0   84    1605    57   1.4396   42.3
2026-07-16  23:02:48  50.56    5.3  100.0       0   94    1605    57   1.3955   38.2
2026-07-16  23:02:49  50.05    7.2  100.0       0  100    1605    57   1.3289   44.2   TEMP
2026-07-16  23:02:50  50.94    6.4  100.0       0   95    1605    57   1.3992   42.1
2026-07-16  23:02:51  48.31    8.3  100.0       0   86    1605    57   1.4170   42.7
2026-07-16  23:02:52  42.43    8.7  100.0       0  100    1605    57   1.3171   43.4   TEMP
2026-07-16  23:02:53  51.31    6.7  100.0       0   90    1605    57   1.3171   50.3   TEMP
2026-07-16  23:02:54  49.53    4.9  100.0       0   76    1605    57   1.1503   39.0
2026-07-16  23:02:55  51.22    6.2  100.0       0   79    1605    57   1.4152   38.1
2026-07-16  23:02:56  51.22    4.8  100.0       0   96    1605    57   1.3860   39.6   TEMP
2026-07-16  23:02:57  50.87    7.7  100.0       0   89    1605    57   1.4364   38.5
2026-07-16  23:02:58  52.84    4.8  100.0       0   95    1605    57   1.3507   36.4   TEMP
2026-07-16  23:02:59  48.51    5.7  100.0       0   74    1605    57   1.2725   32.6
